; Import issues:

25345186 3
91869203 3
74677422 3
11901678 3
79853073 3
75559356 3
80863132 3
51394546 3
60862676 3
28649820 3
60802233 3
48642904 3
52077741 3
76232340 3
83258273 3
46571052 3

; Normal
67048711 3
86988864 3
83994646 3
23771716 3
86198326 3
14261867 3
24140059 3
6850209 3
49140998 3
68170903 3
21597117 3
295517 3
51351302 3
28596933 3
13026402 3
89718302 3
27744077 3
49771608 3
18318842 3
89801755 3
21323861 3
41356845 3
41356845 3
47372349 3
62325062 3
16135253 3
18036057 3
48202661 3
99785935 3
21070956 3
67987611 3
73574678 3
29654737 3
55821894 3
47480070 3
81325903 3
94004268 3
10979723 3
95174353 3
67371383 3
64342551 3
303660 3
23927567 3
42431843 3
93221206 3
10509340 3
83104731 3
56094445 3
43230671 3
14015067 3
17092736 3
15013468 3
48365709 3
34236961 3
42364257 3
65064143 3
53112492 3
58921041 3
9156135 3
48539234 3
95132338 3
85639257 3
40916023 3
55001420 3
75889523 3
50287060 3
49881766 3
22796548 3
56246017 3
18378582 3
53153481 3
980973 3
46384672 3
73879377 3
9076207 3
84430950 3
79649195 3
7180418 3
36868108 3
15480588 3
17535588 3
20277860 3
69296555 3
42364374 3
55348096 3
85489096 3
62633180 3
37053871 3
2134346 3
88236094 3
87340664 3
63689843 3
37970940 3
71453557 3
99284890 3
40619825 3
48305365 3
14148099 3
88819587 3
47453433 3
82705573 3
36280194 3
36280194 3
40633297 3
7165085 3
242146 3
39892082 3
61528025 3
10012614 3
41925941 3
86325596 3
78783370 3
78783370 3
81480460 3
81480460 3
89091579 3
61181383 3
63142001 3
48094997 3
5053103 3
18246479 3
94463200 3
40133511 3
84990171 3
46009906 3
11761845 3
35149085 3
99426834 3
16899564 3
32452818 3
16255442 3
20374520 3
22996376 3
85605684 3
39168895 3
39256679 3
25655502 3
61127349 3
95472621 3
16768387 3
42129512 3
65240384 3
51562916 3
59380081 3
58696829 3
45547649 3
50122883 3
36262024 3
41426869 3
55761792 3
5405694 3
65169794 3
38670435 3
87564352 3
39507162 3
58268433 3
28470714 3
89041555 3
70138455 3
21051146 3
98239899 3
21466326 3
5464695 3
30653113 3
32015116 3
35215622 3
25880422 3
25551951 3
25551951 3
20871001 3
53347303 3
53183600 3
89631139 3
89631139 3
89631139 3
89631139 3
89631139 3
89631139 3
89631139 3
89631139 3
89631139 3
41396436 3
21340051 3
8715625 3
57409948 3
98456117 3
2204140 3
14087893 3
91595718 3
38699854 3
81386177 3
76532077 3
29401950 3
52090844 3
87910978 3
40267580 3
71413901 3
61622107 3
6104968 3
6297941 3
41859700 3
59364406 3
24294108 3
18937875 3
80163754 3
17655904 3
78193831 3
78193831 3
84740193 3
17597059 3
16970158 3
97077563 3
97077563 3
4861205 3
11384280 3
95614612 3
72892473 3
57953380 3
42664989 3
12183332 3
62121 3
44209392 3
95841282 3
95727991 3
96501677 3
93220472 3
36468556 3
91152256 3
91152256 3
91152256 3
1801154 3
20228463 3
28106077 3
48276469 3
1248895 3
57139487 3
79323590 3
72630549 3
61044390 3
97439308 3
1434352 3
9596126 3
47829960 3
13179332 3
50412166 3
37421579 3
69313735 3
16956455 3
40884383 3
81380218 3
21888494 3
8508055 3
79853073 3
41218256 3
92667214 3
42541548 3
86801871 3
75109441 3
33413638 3
40240595 3
65830223 3
60682203 3
7565547 3
8964854 3
10375182 3
43417563 3
94192409 3
68057622 3
33244944 3
69035382 3
96420087 3
62966332 3
34290067 3
38999506 3
23265313 3
74458486 3
91782219 3
93889755 3
67494157 3
38289717 3
31036355 3
52571838 3
14618326 3
28358902 3
18654201 3
37083210 3
85802526 3
41398771 3
66742250 3
84970821 3
28279543 3
12470447 3
2926176 3
94377247 3
58851034 3
30655537 3
80316585 3
34124316 3
39978267 3
89112729 3
69015963 3
5494820 3
81057959 3
2833249 3
70074904 3
60912752 3
48148828 3
33423043 3
8628798 3
3773196 3
48092532 3
86498013 3
7572887 3
59983499 3
90925163 3
41949033 3
80071763 3
67049542 3
11321183 3
86805855 3
8634636 3
1804528 3
70231910 3
78053598 3
65287621 3
89111398 3
21417692 3
4614116 3
90928333 3
13722870 3
9159938 3
90980792 3
53375573 3
2314238 3
46986414 3
46986414 3
46986414 3
46986414 3
46986414 3
46986414 3
46986414 3
46986414 3
46986414 3
46986414 3
38033121 3
38033121 3
38033121 3
38033121 3
38033121 3
38033121 3
38033121 3
50725996 3
40737112 3
97642679 3
74713516 3
1102515 3
20522190 3
31829185 3
98502113 3
98502113 3
98502113 3
85562745 3
53982768 3
92377303 3
61587183 3
6967870 3
48768179 3
74153887 3
40933924 3
20858318 3
47233801 3
93599951 3
89494469 3
35565537 3
59784896 3
45895206 3
35798491 3
17881964 3
5388481 3
78861134 3
57579381 3
80168720 3
43500484 3
95286165 3
19159413 3
69122763 3
10209545 3
35027493 3
69542930 3
28593363 3
24128274 3
87621407 3
44763025 3
39719977 3
72575145 3
39131963 3
12965761 3
81985784 3
78613627 3
69579761 3
2326738 3
9637706 3
93747864 3
13409151 3
71200730 3
72192100 3
94212438 3
94212438 3
73481154 3
5616412 3
21219755 3
96967123 3
84257639 3
84257639 3
3549275 3
83241722 3
11961740 3
50939127 3
56460688 3
87880531 3
95194279 3
23557835 3
73414375 3
22959079 3
24623598 3
20727787 3
19612721 3
76446915 3
40826495 3
77561728 3
62113340 3
49010598 3
74701381 3
56769674 3
99721536 3
30325729 3
16972957 3
3493978 3
76922029 3
76922029 3
67464807 3
23965037 3
34187685 3
44436472 3
3682106 3
24096228 3
16435215 3
50045299 3
63018132 3
55763552 3
28563545 3
1435851 3
66672569 3
55991637 3
54178050 3
70681994 3
32437102 3
43250041 3
80193355 3
13215230 3
8687195 3
88733579 3
99050989 3
473469 3
16353197 3
55773067 3
13532663 3
31476755 3
60082869 3
53693416 3
59820352 3
67105242 3
82828051 3
60866277 3
42578427 3
97342942 3
69954399 3
55875323 3
11324436 3
37820550 3
90219263 3
23118924 3
30314994 3
65260293 3
92755808 3
66712593 3
97623219 3
61411502 3
21844576 3
21844576 3
58932615 3
58932615 3
84327329 3
35809262 3
20721928 3
20721928 3
61204971 3
99414168 3
85166216 3
12160911 3
39897277 3
6390406 3
53046408 3
43580269 3
75043725 3
6103294 3
15237615 3
58818411 3
96355986 3
30531525 3
75376965 3
98045062 3
56916805 3
26022485 3
76909279 3
91862578 3
74364659 3
95051344 3
5556668 3
5556668 3
95451366 3
26725158 3
26725158 3
74131780 3
12600382 3
33396948 3
33396948 3
21598948 3
22419772 3
45425051 3
97687912 3
20188127 3
68401546 3
17653779 3
75582395 3
3027001 3
32919136 3
89731911 3
77910045 3
34193084 3
37406863 3
218704 3
41392891 3
81172176 3
81172176 3
2863439 3
26566878 3
66235877 3
58607704 3
52503575 3
95308449 3
18591904 3
73134081 3
73134081 3
60369732 3
46534755 3
64752646 3
27132350 3
87473172 3
53293545 3
71407486 3
66788016 3
42599677 3
12883044 3
58528964 3
34460851 3
41089128 3
45231177 3
45231177 3
96890582 3
75560629 3
95952802 3
31987274 3
84834865 3
3134241 3
5628232 3
98252586 3
97806240 3
74923978 3
87430998 3
26931058 3
88753985 3
16556849 3
49681811 3
85359414 3
98818516 3
38742075 3
46181000 3
57069605 3
49998907 3
1781310 3
9373534 3
48206762 3
38538445 3
39711336 3
51632798 3
33550694 3
26902560 3
37684215 3
27967615 3
1641882 3
86281779 3
49003308 3
56594520 3
51355346 3
66889139 3
6368038 3
6368038 3
77491079 3
37313786 3
11549357 3
49888191 3
14977074 3
12800777 3
25833572 3
7512044 3
87751584 3
5818798 3
30190809 3
423705 3
57046845 3
69140098 3
69140098 3
24668830 3
21887179 3
13386503 3
78266168 3
41762634 3
95178994 3
73698349 3
97017120 3
58831685 3
13039848 3
42703248 3
96981563 3
98792570 3
98299011 3
43793530 3
8471389 3
47606319 3
53776525 3
45894482 3
51828629 3
84620194 3
78658564 3
12057781 3
4149689 3
18590133 3
425934 3
45311864 3
11868825 3
67959180 3
53493204 3
39674352 3
52323207 3
9744376 3
80233946 3
42868711 3
52648457 3
79571449 3
74137509 3
10992251 3
14291024 3
13944422 3
13676474 3
60229110 3
57270476 3
40937767 3
11448373 3
82542267 3
25262697 3
99877698 3
62473983 3
50712728 3
37101832 3
16762927 3
63695531 3
24317029 3
99690140 3
26084285 3
61705417 3
33737664 3
32022366 3
85742772 3
29618570 3
11813953 3
88989706 3
2356994 3
47942531 3
14141448 3
10809984 3
13429800 3
89405199 3
22910685 3
61831093 3
36584821 3
95744531 3
58314394 3
90502999 3
55608151 3
34370473 3
68007326 3
73544866 3
10755153 3
74367458 3
47150851 3
9633505 3
89272878 3
47879985 3
40659562 3
75209824 3
46037213 3
73079365 3
55321970 3
9817927 3
31122090 3
31122090 3
28357177 3
88789641 3
80811661 3
26412047 3
98446407 3
7089711 3
20060230 3
34100324 3
76812113 3
91932350 3
27927359 3
54415063 3
12206212 3
52040216 3
75782277 3
21015833 3
5434080 3
64801562 3
35762283 3
23265594 3
52417194 3
19613556 3
47025270 3
76052811 3
52584282 3
22020907 3
64501875 3
21840375 3
82260502 3
10248192 3
54579801 3
759393 3
75745607 3
46130346 3
96851799 3
81863068 3
76184692 3
40410110 3
98069388 3
38552107 3
64047146 3
75830094 3
11224103 3
48229808 3
9264485 3
67629977 3
15083728 3
93107608 3
65396880 3
30353551 3
46821314 3
5600127 3
30243636 3
80141480 3
22873798 3
2118022 3
62397231 3
2671330 3
21297224 3
28546905 3
96631852 3
77084837 3
33031674 3
19847532 3
8581705 3
74823665 3
52684508 3
17185260 3
14391920 3
94163677 3
54109233 3
79575620 3
97923414 3
23615409 3
96965364 3
35052053 3
37957847 3
91512835 3
7019529 3
16227556 3
36261276 3
56647086 3
3056267 3
26082229 3
98374133 3
52675689 3
73431236 3
4042268 3
95214051 3
21770260 3
21558682 3
83968380 3
33784505 3
14851496 3
90020065 3
77585513 3
77585513 3
32809211 3
94773007 3
41855169 3
5257687 3
30113682 3
55256016 3
4869446 3
24068492 3
52768103 3
51934376 3
15401633 3
34627841 3
35059553 3
52824910 3
17444133 3
9653271 3
97570038 3
95789089 3
23289281 3
54541900 3
62340868 3
54878498 3
80441106 3
88979991 3
13756293 3
84686841 3
36021814 3
79109599 3
69455834 3
83986578 3
84814897 3
4266839 3
60519422 3
87210505 3
69456283 3
1184620 3
19406822 3
67724379 3
99171160 3
21908319 3
82642348 3
56283725 3
85705804 3
40640057 3
40640057 3
40640057 3
95144193 3
88240808 3
97590747 3
97590747 3
66526672 3
99551425 3
67284908 3
90147755 3
82005435 3
17358176 3
38480590 3
87756343 3
94675535 3
77007920 3
28566710 3
85602018 3
85602018 3
87322377 3
87322377 3
20394040 3
102380 3
7902349 3
7902349 3
44519536 3
44519536 3
87010442 3
96458440 3
60258960 3
25773409 3
61854111 3
12472242 3
62543393 3
10538007 3
55444629 3
16475472 3
16475472 3
84397023 3
3136426 3
25290459 3
37721209 3
14318794 3
62867251 3
44595286 3
37231841 3
49587034 3
55226821 3
27671321 3
69162969 3
23171610 3
93108297 3
68658728 3
90790253 3
20831168 3
82452993 3
17985575 3
99510761 3
40320754 3
45871897 3
57482479 3
81777047 3
11091375 3
17658803 3
56342351 3
92731455 3
25769732 3
63995093 3
46700124 3
79182538 3
79870141 3
83746708 3
62279055 3
59344077 3
77414722 3
77414722 3
61844784 3
46474915 3
81210420 3
64389297 3
8034697 3
32362575 3
7802006 3
53119267 3
31560081 3
93013676 3
40695128 3
17214465 3
79629370 3
60102563 3
9074847 3
8794435 3
99597615 3
13626450 3
72657739 3
40374923 3
93553943 3
54652250 3
13723605 3
43714890 3
38369349 3
95492061 3
77121851 3
2460565 3
71466592 3
44287299 3
82432018 3
28933734 3
20765952 3
29549364 3
56948373 3
57882509 3
39191307 3
10189126 3
34906152 3
75499502 3
24530661 3
49814180 3
27134689 3
22609617 3
6133894 3
94667532 3
34442949 3
7359741 3
76211194 3
2694423 3
46820049 3
21817254 3
32062913 3
22046459 3
71544954 3
7562372 3
86569121 3
24435369 3
44656491 3
65957473 3
75646520 3
9293977 3
55998462 3
7369217 3
68540058 3
33114323 3
50705071 3
46411259 3
33767325 3
64274292 3
37580756 3
18190572 3
75487237 3
62327910 3
38277918 3
82482194 3
32012841 3
32012841 3
7489323 3
32539892 3
37520316 3
15800838 3
75392615 3
66690411 3
52817046 3
76321376 3
85519211 3
1918087 3
6343408 3
68334074 3
15960641 3
49217579 3
44095762 3
22359980 3
33178416 3
58392024 3
45159319 3
4929256 3
75285069 3
27288416 3
13803864 3
1965724 3
17192817 3
19384334 3
4732017 3
3810071 3
36121917 3
43040603 3
93108433 3
74848038 3
93671934 3
55784832 3
33508719 3
79106360 3
57839750 3
50913601 3
31477025 3
70307656 3
82108372 3
46657337 3
80863132 3
22493811 3
93900406 3
56907389 3
68191243 3
69279219 3
1347977 3
54098121 3
47060154 3
68516705 3
98049915 3
18161786 3
49251811 3
47507260 3
74591968 3
60482781 3
83011277 3
83011277 3
15025844 3
98745000 3
36607978 3
30451366 3
83464209 3
39552864 3
5318639 3
80161395 3
40172183 3
48576971 3
47355498 3
98162242 3
38411870 3
38299233 3
81843628 3
14315573 3
11021521 3
1761063 3
90963488 3
49563947 3
16587243 3
50930991 3
4335645 3
16226786 3
59290628 3
81306586 3
54704216 3
22567609 3
11987744 3
4041838 3
89628781 3
70861343 3
23842445 3
7805359 3
71044499 3
17449108 3
65878864 3
76848240 3
20065549 3
43694075 3
51616747 3
2130625 3
29389368 3
12953226 3
10485110 3
74637266 3
86088138 3
19230407 3
19230407 3
45121025 3
79335209 3
8251996 3
12482652 3
90140980 3
29843091 3
42941100 3
45141844 3
56995655 3
33064647 3
66927994 3
58861941 3
19523799 3
58538870 3
44762290 3
14531242 3
63120904 3
39537362 3
78986941 3
39019325 3
82065276 3
39751093 3
39751093 3
11548522 3
2311603 3
73398797 3
21263083 3
94585852 3
75375465 3
50152549 3
27911549 3
27911549 3
62762898 3
19153634 3
76775123 3
20624263 3
967928 3
36039163 3
93920745 3
64751286 3
12143771 3
18891691 3
48579379 3
4849037 3
52624755 3
38142739 3
75356564 3
58192742 3
52550973 3
63571750 3
89959682 3
63356631 3
63442604 3
74270067 3
58015506 3
26185991 3
90669991 3
50823978 3
34029630 3
88975532 3
47415292 3
35429292 3
76539047 3
43716289 3
8842266 3
73578229 3
24094653 3
24094653 3
52860176 3
55144522 3
77027445 3
68304813 3
70828912 3
70828912 3
549481 3
91559748 3
23701465 3
51371017 3
43711255 3
24221739 3
10071456 3
7892180 3
29155212 3
74703140 3
76754619 3
53569894 3
77044671 3
1082946 3
73081602 3
4179849 3
5901497 3
38723936 3
94905343 3
31440542 3
90810762 3
4178474 3
56260110 3
66719324 3
21347810 3
51267887 3
25236056 3
12503902 3
7625614 3
85309439 3
82529174 3
74694807 3
31785398 3
28121403 3
33066139 3
85684223 3
58577036 3
37576645 3
96316857 3
65570596 3
38199696 3
64335804 3
64335804 3
96561011 3
2851070 3
70821187 3
32807846 3
32807846 3
17814387 3
75417459 3
64631466 3
22589918 3
94739788 3
51482758 3
14878871 3
14878871 3
62420419 3
8951260 3
99518961 3
27174286 3
19827717 3
5990062 3
77622396 3
31709826 3
31066283 3
70903634 3
70903634 3
8124921 3
8124921 3
83555666 3
83555666 3
20436034 3
34016756 3
70344351 3
45778932 3
30450531 3
54351224 3
90846359 3
19066538 3
88279736 3
92421852 3
44203504 3
38916461 3
28143906 3
20781762 3
68846917 3
53890795 3
95515060 3
94793422 3
91939608 3
39004808 3
93382620 3
46303688 3
46303688 3
33950246 3
51452091 3
16509093 3
70791313 3
93016201 3
56058888 3
72405967 3
26378150 3
70046172 3
57281778 3
49868263 3
15303296 3
42647539 3
24611934 3
2964201 3
30914564 3
61441708 3
13604200 3
66602787 3
56120475 3
32268901 3
96947648 3
50593156 3
73051941 3
25955164 3
26202165 3
53539634 3
16222645 3
11760174 3
77379481 3
64538655 3
73915051 3
67532912 3
10352095 3
42071342 3
97809599 3
2468169 3
22537443 3
36562627 3
19086954 3
27053506 3
77876207 3
6740720 3
57585212 3
23401839 3
23401839 3
60391791 3
49398568 3
66516792 3
71829750 3
2792265 3
3819470 3
30778711 3
58621589 3
29267084 3
37620434 3
9603356 3
20939559 3
4035199 3
56830749 3
52097679 3
59560625 3
59237154 3
86327225 3
60365591 3
87303357 3
95956346 3
82085619 3
95638658 3
1995985 3
74388798 3
37267041 3
73001017 3
1557499 3
90357090 3
8131171 3
82732705 3
73752131 3
46363422 3
61370518 3
126218 3
86652646 3
3627449 3
98139712 3
2504891 3
15653824 3
6733059 3
5265750 3
10202894 3
32274490 3
64306248 3
95288024 3
30532390 3
78636495 3
40200834 3
68638985 3
3797883 3
97169186 3
63789924 3
596051 3
45986603 3
86318356 3
45985838 3
44472639 3
41420027 3
35346968 3
23471572 3
57617178 3
84696266 3
84550200 3
38942059 3
88619463 3
49218300 3
68073522 3
76297408 3
68005187 3
77527210 3
47852924 3
47852924 3
5758500 3
5758500 3
92924317 3
78864369 3
15734813 3
63012333 3
31242786 3
4920010 3
36119641 3
76103675 3
20644748 3
58551308 3
31553716 3
42598242 3
51481927 3
84636823 3
4259068 3
1669772 3
29228529 3
29228529 3
38275183 3
29735721 3
10069180 3
18807108 3
18807108 3
96677818 3
52121290 3
51402177 3
85326399 3
87511987 3
49328340 3
53239672 3
48659020 3
69832741 3
94772232 3
94772232 3
31893528 3
31893528 3
30170981 3
30170981 3
67287533 3
67287533 3
13522325 3
14037717 3
53530069 3
80770678 3
25343280 3
4896788 3
23205979 3
67957315 3
92394653 3
99173029 3
15866454 3
94425169 3
21175632 3
81385346 3
8201910 3
65810489 3
92854392 3
3510565 3
29172562 3
90908427 3
13599884 3
2370081 3
83225447 3
15023985 3
31812496 3
63102017 3
60764581 3
41006930 3
71068263 3
34646691 3
55291359 3
98434877 3
70781052 3
70781052 3
70781052 3
70781052 3
14644902 3
27770341 3
75923050 3
1412158 3
44072894 3
40473581 3
40453765 3
41872150 3
15383415 3
16589042 3
51345461 3
37120512 3
98495314 3
61405855 3
5371656 3
12923641 3
72302403 3
3573512 3
50005633 3
89698120 3
43641473 3
28725004 3
44073668 3
3170832 3
71983925 3
19312169 3
90740329 3
90740329 3
63308047 3
73628505 3
35975813 3
78060096 3
16469012 3
32864 3
403847 3
64734921 3
91123920 3
91345518 3
38730226 3
32269855 3
1689516 3
71107816 3
41142615 3
61505339 3
97093037 3
52101615 3
30606547 3
93346024 3
92408984 3
66989694 3
88696724 3
68400115 3
65403020 3
34694160 3
66362965 3
31076103 3
43973174 3
84080938 3
84080938 3
18710707 3
88089103 3
68049471 3
1525329 3
83764996 3
84926738 3
81820689 3
28003512 3
90407382 3
86099788 3
66926224 3
3643300 3
15717011 3
25109950 3
49064413 3
32541773 3
40703393 3
296499 3
16430187 3
76305638 3
56433456 3
4081094 3
99351431 3
43434803 3
99517131 3
10262698 3
87557188 3
78243409 3
78697395 3
38479725 3
65475294 3
27618634 3
51275027 3
95281259 3
6285791 3
51838385 3
87997872 3
26205777 3
41462083 3
41462083 3
5703682 3
63391643 3
33977496 3
27125110 3
63519819 3
36361633 3
78423643 3
33734439 3
76075810 3
69196160 3
31786629 3
70797118 3
91781589 3
49791927 3
49791927 3
35316708 3
71625222 3
44913552 3
40350910 3
83675475 3
57182235 3
82003859 3
69572024 3
59383041 3
79875176 3
43509019 3
42386471 3
15270885 3
16392422 3
65458948 3
91842653 3
89997728 3
15259703 3
15259703 3
71283180 3
18605135 3
90337190 3
53582587 3
75372290 3
94256039 3
35686187 3
35686187 3
64697231 3
4206964 3
19252988 3
46461247 3
3055837 3
46918794 3
46918794 3
78780140 3
39111158 3
77827521 3
12181376 3
32298781 3
33184167 3
2903036 3
79759861 3
45042329 3
55013285 3
34853266 3
72929454 3
76806714 3
37313348 3
59053232 3
3149764 3
29692206 3
21900719 3
43586926 3
78984772 3
54752875 3
88132637 3
82035781 3
83228073 3
94119974 3
25578802 3
57305373 3
83887306 3
72842870 3
56789759 3
21237481 3
94568601 3
60806437 3
67934141 3
49441499 3
34088136 3
34830502 3
19877898 3
32240937 3
80604091 3
80604091 3
22431243 3
22702055 3
82999629 3
11743119 3
85936485 3
56747793 3
97360116 3
92084010 3
70368879 3
1784619 3
48649353 3
75347539 3
56387350 3
22056710 3
26495087 3
53839837 3
95220856 3
50259460 3
39774685 3
73219648 3
15052462 3
12607053 3
13945283 3
17078030 3
63162310 3
42994702 3
75953262 3
56413937 3
66073051 3
23424603 3
87774234 3
93343894 3
2483611 3
2483611 3
27324313 3
38992735 3
10035717 3
72053645 3
91996584 3
15090429 3
9786492 3
43487744 3
15150365 3
81383947 3
1571945 3
68427465 3
77754944 3
77754944 3
61166988 3
59744639 3
87796900 3
57405307 3
57116033 3
57116033 3
89258225 3
87523462 3
31447217 3
75946257 3
80741828 3
36304921 3
42883273 3
56369281 3
35322812 3
6979239 3
12253117 3
73216412 3
69750536 3
37744402 3
62651957 3
76515293 3
2111707 3
91998119 3
91998119 3
91998119 3
99724761 3
65622692 3
29380133 3
70345785 3
76862289 3
59197169 3
71280811 3
4542651 3
51534754 3
25119460 3
64500000 3
51945556 3
83133491 3
24311372 3
16268841 3
47693640 3
88472456 3


; Banned cards
82301904 0
21593977 0
78010363 0
78706415 0
03078576 0
34206604 0
83764718 0
04031928 0
12580477 0
53129443 0
18144506 0
74191942 0
17375316 0
42829885 0
41482598 0
69243953 0
61740673 0

; Limited cards
07902349 1
44519536 1
70903634 1
08124921 1
71413901 1
34124316 1
07572887 1
40737112 1
74131780 1
33396948 1
79575620 1
77585513 1
33508719 1
24221739 1
02851070 1
61441708 1
26202165 1
08131171 1
33184167 1
43586926 1
72892473 1
44763025 1
79571449 1
19613556 1
69162969 1
83746708 1
05318639 1
55144522 1
70828912 1
45986603 1
72302403 1
56747793 1
97077563 1
36468556 1
35027493 1
62279055 1
44095762 1
37576645 1
83555666 1
53582587 1
72989439 1

; Semi-Limited
18318842 2
61587183 2
77121851 2
02460565 2
25262697 2
53839837 2
31036355 2
53046408 2
03136426 2
71044499 2
32807846 2
70368879 2
09744376 2
85742772 2
28566710 2